<<<<<<< HEAD
3|1|07/04/2019|279|384401900066593|A|00|ANULADA|0|0.00|0.00|0.00|0|0.00|0|0.0|0
3|2|17/04/2019|306|384401900066593|A|00|ANULADA|0|0.00|0.00|0.00|0|0.00|0|0.0|0
3|3|21/04/2019|337|384401900066593|A|00|ANULADA|0|0.00|0.00|0.00|0|0.00|0|0.0|0
3|4|22/04/2019|338|384401900066593|A|00|ANULADA|0|0.00|0.00|0.00|0|0.00|0|0.0|0
3|5|27/04/2019|358|384401900066593|A|00|ANULADA|0|0.00|0.00|0.00|0|0.00|0|0.0|0
3|6|27/04/2019|360|384401900066593|A|00|ANULADA|0|0.00|0.00|0.00|0|0.00|0|0.0|0
3|7|01/05/2019|374|384401900066593|A|00|ANULADA|0|0.00|0.00|0.00|0|0.00|0|0.0|0
=======
3|1|01/05/2019|374|384401900066593|A|00|ANULADA|0|0.00|0.00|0.00|0|0.00|0|0.0|0
>>>>>>> 1738675e194b4611bacd3915bca11ad8c54558d0
